1616285
1616629
1616630
1616631
1616632
1616633
1616634
1616635
1616636
1616680
1616681
1616717
1616718
1616719
1616285
1616629
1616630
1616631
1616632
1616633
1616634
1616635
1616636
1616680
1616681
1616717
1616718
1616719
1620269
1620270
1620276
1620277
1620281
1620282
1620452
1620453
1620454
1620455
1620456
1620457
1620458
1620459
1620460
1620461
1620462
1620463
1620464
1620465
1620466
1620467
1620468
1620469
1620470
1620471
1620472
1620473
1620474
1620475
1620476
1620477
1620478
1620479
1620480
1620481
1620482
1620483
1620484
1620485
1620486
1620487
1620488
1620489
1620490
1620491
1620492
1620493
1620494
1620495
1620496
1620497
1620498
1620499
1620500
1620501
1620502
1620503
1620504
1620505
1620506
1620507
1620508
1620509
1620510
1620511
1620512
1620513
1620514
1620515
1620516
1620517
1620518
1620519
1620521
1620522
1620523
1620524
1620525
1620526
1620527
1620528
1620529
1620530
1620531
1620532
1620533
1620534
1620535
1620536
1620537
1620538
1620539
1620540
1620541
1620542
1620543
1620544
1620545
1620547
1620549
1620550
1620551
1620552
1620553
1620554
1620555
1620556
1620557
1620558
1620559
1620560
1620561
1620562
1620563
1620564
1620565
1620566
1620567
1620568
1620569
1620570
1620571
1620572
1620573
1620574
1620575
1620576
1620577
1620578
1620579
1620580
1620582
1620583
1620584
1620585
1620586
1620587
1620588
1620589
1620590
1620591
1620592
1620593
1620594
1620595
1620596
1620597
1620599
1620600
1620668
1620669
1620670
1620671
1620672
1620673
1620674
1620675
1620676
1620677
1620678
1620679
1620680
1620681
1620682
1620683
1620684
1620685
1620687
1620688
1620689
1620717
1620718
1620719
1620720
1620721
1620722
1620724
1620726
1620727
1620728
1620729
1620734
1620735
1620736
1620737
1620738
1620739
1620740
1620741
1620742
1620743
1620745
1620747
1620748
1620749
1620751
1620753
1620754
1620755
1620756
1620757
1620758
1620269
1620270
1620276
1620277
1620281
1620282
1620452
1620453
1620454
1620455
1620456
1620457
1620458
1620459
1620460
1620461
1620462
1620463
1620464
1620465
1620466
1620467
1620468
1620469
1620470
1620471
1620472
1620473
1620474
1620475
1620476
1620477
1620478
1620479
1620480
1620481
1620482
1620483
1620484
1620485
1620486
1620487
1620488
1620489
1620490
1620491
1620492
1620493
1620494
1620495
1620496
1620497
1620498
1620499
1620500
1620501
1620502
1620503
1620504
1620505
1620506
1620507
1620508
1620509
1620510
1620511
1620512
1620513
1620514
1620515
1620516
1620517
1620518
1620519
1620521
1620522
1620523
1620524
1620525
1620526
1620527
1620528
1620529
1620530
1620531
1620532
1620533
1620534
1620535
1620536
1620537
1620538
1620539
1620540
1620541
1620542
1620543
1620544
1620545
1620547
1620549
1620550
1620551
1620552
1620553
1620554
1620555
1620556
1620557
1620558
1620559
1620560
1620561
1620562
1620563
1620564
1620565
1620566
1620567
1620568
1620569
1620570
1620571
1620572
1620573
1620574
1620575
1620576
1620577
1620578
1620579
1620580
1620582
1620583
1620584
1620585
1620586
1620587
1620588
1620589
1620590
1620591
1620592
1620593
1620594
1620595
1620596
1620597
1620599
1620600
1620668
1620669
1620670
1620671
1620672
1620673
1620674
1620675
1620676
1620677
1620678
1620679
1620680
1620681
1620682
1620683
1620684
1620685
1620687
1620688
1620689
1620717
1620718
1620719
1620720
1620721
1620722
1620724
1620726
1620727
1620728
1620729
1620734
1620735
1620736
1620737
1620738
1620739
1620740
1620741
1620742
1620743
1620745
1620747
1620748
1620749
1620751
1620753
1620754
1620755
1620756
1620757
1620758
1620292
1620293
1620616
1620618
1620619
1620622
1620623
1620624
1620625
1620626
1620627
1620628
1620629
1620630
1620631
1620632
1620633
1620634
1620635
1620637
1620638
1620639
1620640
1620641
1620642
1620643
1620644
1620645
1620646
1620647
1620648
1620649
1620650
1620652
1620654
1620655
1620656
1620657
1620658
1620659
1620660
1620661
1620662
1620663
1620664
1620665
1620690
1620691
1620697
1620699
1620700
1620701
1620702
1620703
1620704
1620705
1620707
1620710
1620711
1620712
1620713
1620714
1620715
1620716
1620292
1620293
1620616
1620618
1620619
1620622
1620623
1620624
1620625
1620626
1620627
1620628
1620629
1620630
1620631
1620632
1620633
1620634
1620635
1620637
1620638
1620639
1620640
1620641
1620642
1620643
1620644
1620645
1620646
1620647
1620648
1620649
1620650
1620652
1620654
1620655
1620656
1620657
1620658
1620659
1620660
1620661
1620662
1620663
1620664
1620665
1620690
1620691
1620697
1620699
1620700
1620701
1620702
1620703
1620704
1620705
1620707
1620710
1620711
1620712
1620713
1620714
1620715
1620716
1620892
1620906
1620907
1620908
1620909
1620912
1620916
1620917
1621112
1621113
1621114
1621115
1621116
1621117
1621118
1621119
1621120
1621121
1621122
1621123
1621124
1621125
1621126
1621127
1621128
1621129
1621130
1621131
1621132
1620892
1620906
1620907
1620908
1620909
1620912
1620916
1620917
1621112
1621113
1621114
1621115
1621116
1621117
1621118
1621119
1621120
1621121
1621122
1621123
1621124
1621125
1621126
1621127
1621128
1621129
1621130
1621131
1621132
1620864
1620865
1620871
1620872
1620877
1620878
1620883
1620885
1620886
1620895
1620896
1620897
1620898
1620899
1620900
1620901
1620902
1620903
1620904
1620905
1620913
1620923
1620924
1620925
1620932
1620933
1620938
1620939
1620942
1620943
1620950
1620953
1620954
1620955
1620956
1620957
1620958
1620959
1620960
1620961
1620962
1620963
1620964
1620965
1620966
1620967
1620968
1620969
1620970
1620971
1620972
1620973
1620974
1620975
1620976
1620977
1620978
1620979
1620980
1620981
1620982
1620983
1620984
1620985
1620986
1620987
1620988
1620989
1620990
1620991
1620992
1620993
1620994
1620995
1620996
1620997
1620998
1620999
1621000
1621001
1621002
1621003
1621004
1621005
1621006
1621007
1621008
1621009
1621010
1621011
1621012
1621013
1621014
1621015
1621016
1621017
1621018
1621019
1621020
1621021
1621022
1621023
1621024
1621025
1621026
1621027
1621028
1621029
1621030
1621031
1621032
1621033
1621034
1621035
1621036
1621037
1621038
1621039
1621040
1621041
1621042
1621043
1621044
1621045
1621046
1621047
1621048
1621049
1621050
1621051
1621052
1621053
1621054
1621055
1621056
1621057
1621058
1621059
1621060
1621061
1621062
1621063
1621064
1621065
1621066
1621067
1621068
1621069
1621070
1621071
1621072
1621073
1621074
1621076
1621077
1621078
1621079
1621080
1621081
1621082
1621083
1621084
1621085
1621086
1621087
1621088
1621089
1621090
1621091
1621092
1621093
1621094
1621095
1621096
1621097
1621098
1621100
1621101
1621102
1621103
1621104
1621105
1621106
1621107
1621108
1621109
1621110
1621111
1620864
1620865
1620871
1620872
1620877
1620878
1620883
1620885
1620886
1620895
1620896
1620897
1620898
1620899
1620900
1620901
1620902
1620903
1620904
1620905
1620913
1620923
1620924
1620925
1620932
1620933
1620938
1620939
1620942
1620943
1620950
1620953
1620954
1620955
1620956
1620957
1620958
1620959
1620960
1620961
1620962
1620963
1620964
1620965
1620966
1620967
1620968
1620969
1620970
1620971
1620972
1620973
1620974
1620975
1620976
1620977
1620978
1620979
1620980
1620981
1620982
1620983
1620984
1620985
1620986
1620987
1620988
1620989
1620990
1620991
1620992
1620993
1620994
1620995
1620996
1620997
1620998
1620999
1621000
1621001
1621002
1621003
1621004
1621005
1621006
1621007
1621008
1621009
1621010
1621011
1621012
1621013
1621014
1621015
1621016
1621017
1621018
1621019
1621020
1621021
1621022
1621023
1621024
1621025
1621026
1621027
1621028
1621029
1621030
1621031
1621032
1621033
1621034
1621035
1621036
1621037
1621038
1621039
1621040
1621041
1621042
1621043
1621044
1621045
1621046
1621047
1621048
1621049
1621050
1621051
1621052
1621053
1621054
1621055
1621056
1621057
1621058
1621059
1621060
1621061
1621062
1621063
1621064
1621065
1621066
1621067
1621068
1621069
1621070
1621071
1621072
1621073
1621074
1621076
1621077
1621078
1621079
1621080
1621081
1621082
1621083
1621084
1621085
1621086
1621087
1621088
1621089
1621090
1621091
1621092
1621093
1621094
1621095
1621096
1621097
1621098
1621100
1621101
1621102
1621103
1621104
1621105
1621106
1621107
1621108
1621109
1621110
1621111
1621314
1621315